{"metadata":{"kernelspec":{"language":"python","display_name":"Python 3","name":"python3"},"language_info":{"name":"python","version":"3.10.12","mimetype":"text/x-python","codemirror_mode":{"name":"ipython","version":3},"pygments_lexer":"ipython3","nbconvert_exporter":"python","file_extension":".py"}},"nbformat_minor":4,"nbformat":4,"cells":[{"cell_type":"code","source":"# This Python 3 environment comes with many helpful analytics libraries installed\n# It is defined by the kaggle/python Docker image: https://github.com/kaggle/docker-python\n# For example, here's several helpful packages to load\n\nimport numpy as np # linear algebra\nimport pandas as pd # data processing, CSV file I/O (e.g. pd.read_csv)\n\n# Input data files are available in the read-only \"../input/\" directory\n# For example, running this (by clicking run or pressing Shift+Enter) will list all files under the input directory\n\nimport os\nfor dirname, _, filenames in os.walk('/kaggle/input'):\n    for filename in filenames:\n        print(os.path.join(dirname, filename))\n\n# You can write up to 20GB to the current directory (/kaggle/working/) that gets preserved as output when you create a version using \"Save & Run All\" \n# You can also write temporary files to /kaggle/temp/, but they won't be saved outside of the current session","metadata":{"_uuid":"8f2839f25d086af736a60e9eeb907d3b93b6e0e5","_cell_guid":"b1076dfc-b9ad-4769-8c92-a6c4dae69d19","execution":{"iopub.status.busy":"2023-10-27T14:40:12.396048Z","iopub.execute_input":"2023-10-27T14:40:12.396440Z","iopub.status.idle":"2023-10-27T14:40:12.809778Z","shell.execute_reply.started":"2023-10-27T14:40:12.396408Z","shell.execute_reply":"2023-10-27T14:40:12.808791Z"},"trusted":true},"execution_count":2,"outputs":[{"name":"stdout","text":"/kaggle/input/countries-of-the-world/countries of the world.csv\n/kaggle/input/cleaned-countriescsv/cleaned_countries.csv\n","output_type":"stream"}]},{"cell_type":"markdown","source":"# Understanding what predictors drive GDP through feature selection\n\nIn this notebook, we practice feature selection methods to help us identify and interpret factors that are most important in determining GDP. This is important when we want to understand insights between variables. This may also be important for downstream machine learning tasks, as it will help to \n* prevent overfitting \n* increase accuracy of model\n* reducing the dimension of training data, lowering the computational time for model fitting\n* more interpretable model\n\nTo achieve this, we will use a few methods \n\n## Traditional statistical methods (filter)\n* Checking correlation with outcome \n\nCons: best subset may not always be selected\n\n## Wrapper methods \n* Recursive Feature Elimination (RFE)\n* Forward/backward Elimination \n\nPros: can select the best subset \n\n## Feature importance methods\n* Random forests\n* XGBoost \n* Extra trees\n\nPros: can select the best subset\n\n## Embedded methods \n* Lasso\n* ElasticNet \n\nPros: can select the best subset","metadata":{}},{"cell_type":"markdown","source":"# Reading the data (and cleaning)","metadata":{}},{"cell_type":"code","source":"import os \nos.getcwd()\nos.listdir(\"/kaggle/input/cleaned-countriescsv\")\n\ncountries = pd.read_csv(\"/kaggle/input/cleaned-countriescsv/cleaned_countries.csv\", index_col = 0)","metadata":{"execution":{"iopub.status.busy":"2023-10-27T14:40:12.811717Z","iopub.execute_input":"2023-10-27T14:40:12.812909Z","iopub.status.idle":"2023-10-27T14:40:12.856721Z","shell.execute_reply.started":"2023-10-27T14:40:12.812861Z","shell.execute_reply":"2023-10-27T14:40:12.855096Z"},"trusted":true},"execution_count":3,"outputs":[]},{"cell_type":"code","source":"## Basic check \n(countries.head())","metadata":{"execution":{"iopub.status.busy":"2023-10-27T14:40:12.858542Z","iopub.execute_input":"2023-10-27T14:40:12.858993Z","iopub.status.idle":"2023-10-27T14:40:12.906834Z","shell.execute_reply.started":"2023-10-27T14:40:12.858932Z","shell.execute_reply":"2023-10-27T14:40:12.905392Z"},"trusted":true},"execution_count":4,"outputs":[{"execution_count":4,"output_type":"execute_result","data":{"text/plain":"           Country                               Region  Population     Area  \\\n0     Afghanistan         ASIA (EX. NEAR EAST)             31056997   647500   \n1         Albania   EASTERN EUROPE                          3581655    28748   \n2         Algeria   NORTHERN AFRICA                        32930091  2381740   \n3  American Samoa   OCEANIA                                   57794      199   \n4         Andorra   WESTERN EUROPE                            71201      468   \n\n   Pop._Density  Coastline  Net_migration  Infant_mortality      GDP  \\\n0           480          0         2306.0           16307.0    700.0   \n1          1246        126         -493.0            2152.0   4500.0   \n2           138          4          -39.0              31.0   6000.0   \n3          2904       5829        -2071.0             927.0   8000.0   \n4          1521          0           66.0             405.0  19000.0   \n\n   Literacy  ...  Crops   Other  Climate  Birthrate  Deathrate  Agriculture  \\\n0     360.0  ...   22.0  8765.0      1.0      466.0     2034.0         38.0   \n1     865.0  ...  442.0  7449.0      3.0     1511.0      522.0        232.0   \n2     700.0  ...   25.0  9653.0      1.0     1714.0      461.0        101.0   \n3     970.0  ...   15.0    75.0      2.0     2246.0      327.0        115.5   \n4    1000.0  ...    0.0  9778.0      3.0      871.0      625.0         18.2   \n\n     Industry  Service  landlocked  cluster_labels  \n0   24.000000   38.000           1               2  \n1  188.000000  579.000           0               1  \n2    6.000000  298.000           0               1  \n3  169.687500  473.375           0               1  \n4  159.458333  492.625           1               3  \n\n[5 rows x 22 columns]","text/html":"<div>\n<style scoped>\n    .dataframe tbody tr th:only-of-type {\n        vertical-align: middle;\n    }\n\n    .dataframe tbody tr th {\n        vertical-align: top;\n    }\n\n    .dataframe thead th {\n        text-align: right;\n    }\n</style>\n<table border=\"1\" class=\"dataframe\">\n  <thead>\n    <tr style=\"text-align: right;\">\n      <th></th>\n      <th>Country</th>\n      <th>Region</th>\n      <th>Population</th>\n      <th>Area</th>\n      <th>Pop._Density</th>\n      <th>Coastline</th>\n      <th>Net_migration</th>\n      <th>Infant_mortality</th>\n      <th>GDP</th>\n      <th>Literacy</th>\n      <th>...</th>\n      <th>Crops</th>\n      <th>Other</th>\n      <th>Climate</th>\n      <th>Birthrate</th>\n      <th>Deathrate</th>\n      <th>Agriculture</th>\n      <th>Industry</th>\n      <th>Service</th>\n      <th>landlocked</th>\n      <th>cluster_labels</th>\n    </tr>\n  </thead>\n  <tbody>\n    <tr>\n      <th>0</th>\n      <td>Afghanistan</td>\n      <td>ASIA (EX. NEAR EAST)</td>\n      <td>31056997</td>\n      <td>647500</td>\n      <td>480</td>\n      <td>0</td>\n      <td>2306.0</td>\n      <td>16307.0</td>\n      <td>700.0</td>\n      <td>360.0</td>\n      <td>...</td>\n      <td>22.0</td>\n      <td>8765.0</td>\n      <td>1.0</td>\n      <td>466.0</td>\n      <td>2034.0</td>\n      <td>38.0</td>\n      <td>24.000000</td>\n      <td>38.000</td>\n      <td>1</td>\n      <td>2</td>\n    </tr>\n    <tr>\n      <th>1</th>\n      <td>Albania</td>\n      <td>EASTERN EUROPE</td>\n      <td>3581655</td>\n      <td>28748</td>\n      <td>1246</td>\n      <td>126</td>\n      <td>-493.0</td>\n      <td>2152.0</td>\n      <td>4500.0</td>\n      <td>865.0</td>\n      <td>...</td>\n      <td>442.0</td>\n      <td>7449.0</td>\n      <td>3.0</td>\n      <td>1511.0</td>\n      <td>522.0</td>\n      <td>232.0</td>\n      <td>188.000000</td>\n      <td>579.000</td>\n      <td>0</td>\n      <td>1</td>\n    </tr>\n    <tr>\n      <th>2</th>\n      <td>Algeria</td>\n      <td>NORTHERN AFRICA</td>\n      <td>32930091</td>\n      <td>2381740</td>\n      <td>138</td>\n      <td>4</td>\n      <td>-39.0</td>\n      <td>31.0</td>\n      <td>6000.0</td>\n      <td>700.0</td>\n      <td>...</td>\n      <td>25.0</td>\n      <td>9653.0</td>\n      <td>1.0</td>\n      <td>1714.0</td>\n      <td>461.0</td>\n      <td>101.0</td>\n      <td>6.000000</td>\n      <td>298.000</td>\n      <td>0</td>\n      <td>1</td>\n    </tr>\n    <tr>\n      <th>3</th>\n      <td>American Samoa</td>\n      <td>OCEANIA</td>\n      <td>57794</td>\n      <td>199</td>\n      <td>2904</td>\n      <td>5829</td>\n      <td>-2071.0</td>\n      <td>927.0</td>\n      <td>8000.0</td>\n      <td>970.0</td>\n      <td>...</td>\n      <td>15.0</td>\n      <td>75.0</td>\n      <td>2.0</td>\n      <td>2246.0</td>\n      <td>327.0</td>\n      <td>115.5</td>\n      <td>169.687500</td>\n      <td>473.375</td>\n      <td>0</td>\n      <td>1</td>\n    </tr>\n    <tr>\n      <th>4</th>\n      <td>Andorra</td>\n      <td>WESTERN EUROPE</td>\n      <td>71201</td>\n      <td>468</td>\n      <td>1521</td>\n      <td>0</td>\n      <td>66.0</td>\n      <td>405.0</td>\n      <td>19000.0</td>\n      <td>1000.0</td>\n      <td>...</td>\n      <td>0.0</td>\n      <td>9778.0</td>\n      <td>3.0</td>\n      <td>871.0</td>\n      <td>625.0</td>\n      <td>18.2</td>\n      <td>159.458333</td>\n      <td>492.625</td>\n      <td>1</td>\n      <td>3</td>\n    </tr>\n  </tbody>\n</table>\n<p>5 rows × 22 columns</p>\n</div>"},"metadata":{}}]},{"cell_type":"markdown","source":"Cluster labels are generated from a previous exercise where we used the existing columns to conduct clustering via KMeans. We will remove it as it is highly correlated with the information we already have ","metadata":{}},{"cell_type":"code","source":"countries = countries.drop(columns = 'cluster_labels')","metadata":{"execution":{"iopub.status.busy":"2023-10-27T14:40:12.911678Z","iopub.execute_input":"2023-10-27T14:40:12.912141Z","iopub.status.idle":"2023-10-27T14:40:12.920638Z","shell.execute_reply.started":"2023-10-27T14:40:12.912101Z","shell.execute_reply":"2023-10-27T14:40:12.918998Z"},"trusted":true},"execution_count":5,"outputs":[]},{"cell_type":"code","source":"## Check the strings \nprint(countries.Country.head().to_list()) ## we see whitespace that needs to be cleaned\nprint(countries.Region.head().to_list())","metadata":{"execution":{"iopub.status.busy":"2023-10-27T14:40:12.922481Z","iopub.execute_input":"2023-10-27T14:40:12.922879Z","iopub.status.idle":"2023-10-27T14:40:12.936313Z","shell.execute_reply.started":"2023-10-27T14:40:12.922846Z","shell.execute_reply":"2023-10-27T14:40:12.934855Z"},"trusted":true},"execution_count":6,"outputs":[{"name":"stdout","text":"['Afghanistan ', 'Albania ', 'Algeria ', 'American Samoa ', 'Andorra ']\n['ASIA (EX. NEAR EAST)         ', 'EASTERN EUROPE                     ', 'NORTHERN AFRICA                    ', 'OCEANIA                            ', 'WESTERN EUROPE                     ']\n","output_type":"stream"}]},{"cell_type":"code","source":"## Remove whitespace via strip method -- use pandas string method \ncountries.Country = countries.Country.str.strip()\ncountries.Region = countries.Region.str.strip()","metadata":{"execution":{"iopub.status.busy":"2023-10-27T14:40:12.938386Z","iopub.execute_input":"2023-10-27T14:40:12.938798Z","iopub.status.idle":"2023-10-27T14:40:12.955327Z","shell.execute_reply.started":"2023-10-27T14:40:12.938764Z","shell.execute_reply":"2023-10-27T14:40:12.953515Z"},"trusted":true},"execution_count":7,"outputs":[]},{"cell_type":"code","source":"## Check again\nprint(countries.Country.head().to_list())\nprint(countries.Region.head().to_list())","metadata":{"execution":{"iopub.status.busy":"2023-10-27T14:40:12.956929Z","iopub.execute_input":"2023-10-27T14:40:12.957542Z","iopub.status.idle":"2023-10-27T14:40:12.969632Z","shell.execute_reply.started":"2023-10-27T14:40:12.957478Z","shell.execute_reply":"2023-10-27T14:40:12.968052Z"},"trusted":true},"execution_count":8,"outputs":[{"name":"stdout","text":"['Afghanistan', 'Albania', 'Algeria', 'American Samoa', 'Andorra']\n['ASIA (EX. NEAR EAST)', 'EASTERN EUROPE', 'NORTHERN AFRICA', 'OCEANIA', 'WESTERN EUROPE']\n","output_type":"stream"}]},{"cell_type":"code","source":"## Check for missing data \ncountries.isna().sum(axis = 0) ## check by columns","metadata":{"execution":{"iopub.status.busy":"2023-10-27T14:40:12.971632Z","iopub.execute_input":"2023-10-27T14:40:12.972146Z","iopub.status.idle":"2023-10-27T14:40:12.989049Z","shell.execute_reply.started":"2023-10-27T14:40:12.972108Z","shell.execute_reply":"2023-10-27T14:40:12.988058Z"},"trusted":true},"execution_count":9,"outputs":[{"execution_count":9,"output_type":"execute_result","data":{"text/plain":"Country             0\nRegion              0\nPopulation          0\nArea                0\nPop._Density        0\nCoastline           0\nNet_migration       0\nInfant_mortality    0\nGDP                 0\nLiteracy            0\nPhones              0\nArable              0\nCrops               0\nOther               0\nClimate             0\nBirthrate           0\nDeathrate           0\nAgriculture         0\nIndustry            0\nService             0\nlandlocked          0\ndtype: int64"},"metadata":{}}]},{"cell_type":"markdown","source":"## List of predictors :","metadata":{}},{"cell_type":"code","source":"print(countries.columns)","metadata":{"execution":{"iopub.status.busy":"2023-10-27T14:40:12.991251Z","iopub.execute_input":"2023-10-27T14:40:12.991712Z","iopub.status.idle":"2023-10-27T14:40:13.020808Z","shell.execute_reply.started":"2023-10-27T14:40:12.991669Z","shell.execute_reply":"2023-10-27T14:40:13.018562Z"},"trusted":true},"execution_count":10,"outputs":[{"name":"stdout","text":"Index(['Country', 'Region', 'Population', 'Area', 'Pop._Density', 'Coastline',\n       'Net_migration', 'Infant_mortality', 'GDP', 'Literacy', 'Phones',\n       'Arable', 'Crops', 'Other', 'Climate', 'Birthrate', 'Deathrate',\n       'Agriculture', 'Industry', 'Service', 'landlocked'],\n      dtype='object')\n","output_type":"stream"}]},{"cell_type":"markdown","source":"# Method 1 : filter methods ","metadata":{}},{"cell_type":"markdown","source":"First, we need to subset for the numeric columns (we have two non numeric columns, as we will see, that will prevent us from getting the correlation matrix)","metadata":{"execution":{"iopub.status.busy":"2023-10-21T22:09:56.674398Z","iopub.execute_input":"2023-10-21T22:09:56.674830Z","iopub.status.idle":"2023-10-21T22:09:57.655784Z","shell.execute_reply.started":"2023-10-21T22:09:56.674795Z","shell.execute_reply":"2023-10-21T22:09:57.654136Z"}}},{"cell_type":"code","source":"## print data types of columns \ncountries.dtypes","metadata":{"execution":{"iopub.status.busy":"2023-10-27T14:40:13.026474Z","iopub.execute_input":"2023-10-27T14:40:13.026949Z","iopub.status.idle":"2023-10-27T14:40:13.042654Z","shell.execute_reply.started":"2023-10-27T14:40:13.026913Z","shell.execute_reply":"2023-10-27T14:40:13.041173Z"},"trusted":true},"execution_count":11,"outputs":[{"execution_count":11,"output_type":"execute_result","data":{"text/plain":"Country              object\nRegion               object\nPopulation            int64\nArea                  int64\nPop._Density          int64\nCoastline             int64\nNet_migration       float64\nInfant_mortality    float64\nGDP                 float64\nLiteracy            float64\nPhones              float64\nArable              float64\nCrops               float64\nOther               float64\nClimate             float64\nBirthrate           float64\nDeathrate           float64\nAgriculture         float64\nIndustry            float64\nService             float64\nlandlocked            int64\ndtype: object"},"metadata":{}}]},{"cell_type":"code","source":"## get the numeric subset \nnumeric_subset = countries.select_dtypes(include = np.number)\n\n## check \n#print(numeric_subset.head())\nprint(numeric_subset.columns)\nprint(numeric_subset.dtypes)","metadata":{"execution":{"iopub.status.busy":"2023-10-27T14:40:13.044527Z","iopub.execute_input":"2023-10-27T14:40:13.044992Z","iopub.status.idle":"2023-10-27T14:40:13.061810Z","shell.execute_reply.started":"2023-10-27T14:40:13.044935Z","shell.execute_reply":"2023-10-27T14:40:13.060446Z"},"trusted":true},"execution_count":12,"outputs":[{"name":"stdout","text":"Index(['Population', 'Area', 'Pop._Density', 'Coastline', 'Net_migration',\n       'Infant_mortality', 'GDP', 'Literacy', 'Phones', 'Arable', 'Crops',\n       'Other', 'Climate', 'Birthrate', 'Deathrate', 'Agriculture', 'Industry',\n       'Service', 'landlocked'],\n      dtype='object')\nPopulation            int64\nArea                  int64\nPop._Density          int64\nCoastline             int64\nNet_migration       float64\nInfant_mortality    float64\nGDP                 float64\nLiteracy            float64\nPhones              float64\nArable              float64\nCrops               float64\nOther               float64\nClimate             float64\nBirthrate           float64\nDeathrate           float64\nAgriculture         float64\nIndustry            float64\nService             float64\nlandlocked            int64\ndtype: object\n","output_type":"stream"}]},{"cell_type":"code","source":"## get correlation matrix\ncorr_mat = numeric_subset.corr()\nprint(corr_mat.shape) ## we have 20 numeric columns, hence 20 by 20\n\n(corr_mat)","metadata":{"execution":{"iopub.status.busy":"2023-10-27T14:40:13.063368Z","iopub.execute_input":"2023-10-27T14:40:13.063751Z","iopub.status.idle":"2023-10-27T14:40:13.127227Z","shell.execute_reply.started":"2023-10-27T14:40:13.063719Z","shell.execute_reply":"2023-10-27T14:40:13.125647Z"},"trusted":true},"execution_count":13,"outputs":[{"name":"stdout","text":"(19, 19)\n","output_type":"stream"},{"execution_count":13,"output_type":"execute_result","data":{"text/plain":"                  Population      Area  Pop._Density  Coastline  \\\nPopulation          1.000000  0.469985     -0.028190  -0.068199   \nArea                0.469985  1.000000     -0.066917  -0.095627   \nPop._Density       -0.028190 -0.066917      1.000000   0.241690   \nCoastline          -0.068199 -0.095627      0.241690   1.000000   \nNet_migration       0.002400  0.046762      0.177022  -0.140475   \nInfant_mortality    0.008984 -0.017336     -0.130429  -0.113211   \nGDP                -0.038853  0.072497      0.196099   0.049625   \nLiteracy           -0.049303  0.029462      0.097432   0.127801   \nPhones             -0.029876  0.054151      0.280596   0.153218   \nArable              0.015950 -0.085866     -0.067870  -0.125827   \nCrops              -0.051831 -0.132251     -0.025788   0.344830   \nOther               0.016175  0.156976     -0.232562  -0.188772   \nClimate             0.438492  0.141590     -0.025110  -0.067091   \nBirthrate          -0.036125 -0.053244     -0.132340  -0.048433   \nDeathrate           0.004104  0.031268     -0.041433  -0.159670   \nAgriculture         0.058936 -0.022625     -0.133392  -0.030266   \nIndustry            0.127757  0.112232     -0.076394  -0.160590   \nService             0.051057  0.034677      0.150069   0.069866   \nlandlocked         -0.072023 -0.043623     -0.083004  -0.143888   \n\n                  Net_migration  Infant_mortality       GDP  Literacy  \\\nPopulation             0.002400          0.008984 -0.038853 -0.049303   \nArea                   0.046762         -0.017336  0.072497  0.029462   \nPop._Density           0.177022         -0.130429  0.196099  0.097432   \nCoastline             -0.140475         -0.113211  0.049625  0.127801   \nNet_migration          1.000000         -0.030724  0.372902 -0.007832   \nInfant_mortality      -0.030724          1.000000 -0.529505 -0.651334   \nGDP                    0.372902         -0.529505  1.000000  0.515455   \nLiteracy              -0.007832         -0.651334  0.515455  1.000000   \nPhones                 0.223897         -0.592903  0.830684  0.590145   \nArable                -0.074251         -0.095532  0.010294  0.063891   \nCrops                 -0.259614         -0.010983 -0.199994  0.036170   \nOther                  0.114011          0.097663  0.014097 -0.149936   \nClimate               -0.042607          0.049857 -0.074974  0.049828   \nBirthrate             -0.113367          0.603431 -0.542198 -0.689543   \nDeathrate              0.007040          0.429622 -0.179251 -0.243263   \nAgriculture           -0.180765          0.455022 -0.497899 -0.388064   \nIndustry              -0.002290          0.003794 -0.031154  0.022773   \nService               -0.031795         -0.288471  0.272964  0.268385   \nlandlocked             0.072609          0.314554 -0.112829 -0.107589   \n\n                    Phones    Arable     Crops     Other   Climate  Birthrate  \\\nPopulation       -0.029876  0.015950 -0.051831  0.016175  0.438492  -0.036125   \nArea              0.054151 -0.085866 -0.132251  0.156976  0.141590  -0.053244   \nPop._Density      0.280596 -0.067870 -0.025788 -0.232562 -0.025110  -0.132340   \nCoastline         0.153218 -0.125827  0.344830 -0.188772 -0.067091  -0.048433   \nNet_migration     0.223897 -0.074251 -0.259614  0.114011 -0.042607  -0.113367   \nInfant_mortality -0.592903 -0.095532 -0.010983  0.097663  0.049857   0.603431   \nGDP               0.830684  0.010294 -0.199994  0.014097 -0.074974  -0.542198   \nLiteracy          0.590145  0.063891  0.036170 -0.149936  0.049828  -0.689543   \nPhones            1.000000  0.022157 -0.142818 -0.163735 -0.078948  -0.616967   \nArable            0.022157  1.000000  0.097510 -0.152397 -0.005169  -0.144330   \nCrops            -0.142818  0.097510  1.000000 -0.198966 -0.085051   0.157856   \nOther            -0.163735 -0.152397 -0.198966  1.000000  0.014703   0.121339   \nClimate          -0.078948 -0.005169 -0.085051  0.014703  1.000000  -0.042042   \nBirthrate        -0.616967 -0.144330  0.157856  0.121339 -0.042042   1.000000   \nDeathrate        -0.181406  0.129845 -0.142923 -0.052267  0.163325   0.201894   \nAgriculture      -0.522373  0.073268  0.053611  0.033640  0.111895   0.462865   \nIndustry         -0.145685  0.046574 -0.112386  0.133111  0.089933  -0.010167   \nService           0.239443  0.110910 -0.007722  0.097523  0.038250  -0.228335   \nlandlocked       -0.179461  0.038633 -0.127034  0.109923  0.105601   0.087140   \n\n                  Deathrate  Agriculture  Industry   Service  landlocked  \nPopulation         0.004104     0.058936  0.127757  0.051057   -0.072023  \nArea               0.031268    -0.022625  0.112232  0.034677   -0.043623  \nPop._Density      -0.041433    -0.133392 -0.076394  0.150069   -0.083004  \nCoastline         -0.159670    -0.030266 -0.160590  0.069866   -0.143888  \nNet_migration      0.007040    -0.180765 -0.002290 -0.031795    0.072609  \nInfant_mortality   0.429622     0.455022  0.003794 -0.288471    0.314554  \nGDP               -0.179251    -0.497899 -0.031154  0.272964   -0.112829  \nLiteracy          -0.243263    -0.388064  0.022773  0.268385   -0.107589  \nPhones            -0.181406    -0.522373 -0.145685  0.239443   -0.179461  \nArable             0.129845     0.073268  0.046574  0.110910    0.038633  \nCrops             -0.142923     0.053611 -0.112386 -0.007722   -0.127034  \nOther             -0.052267     0.033640  0.133111  0.097523    0.109923  \nClimate            0.163325     0.111895  0.089933  0.038250    0.105601  \nBirthrate          0.201894     0.462865 -0.010167 -0.228335    0.087140  \nDeathrate          1.000000     0.169980 -0.019687 -0.129108    0.336606  \nAgriculture        0.169980     1.000000  0.045517 -0.052698    0.217632  \nIndustry          -0.019687     0.045517  1.000000  0.188557   -0.009922  \nService           -0.129108    -0.052698  0.188557  1.000000   -0.113118  \nlandlocked         0.336606     0.217632 -0.009922 -0.113118    1.000000  ","text/html":"<div>\n<style scoped>\n    .dataframe tbody tr th:only-of-type {\n        vertical-align: middle;\n    }\n\n    .dataframe tbody tr th {\n        vertical-align: top;\n    }\n\n    .dataframe thead th {\n        text-align: right;\n    }\n</style>\n<table border=\"1\" class=\"dataframe\">\n  <thead>\n    <tr style=\"text-align: right;\">\n      <th></th>\n      <th>Population</th>\n      <th>Area</th>\n      <th>Pop._Density</th>\n      <th>Coastline</th>\n      <th>Net_migration</th>\n      <th>Infant_mortality</th>\n      <th>GDP</th>\n      <th>Literacy</th>\n      <th>Phones</th>\n      <th>Arable</th>\n      <th>Crops</th>\n      <th>Other</th>\n      <th>Climate</th>\n      <th>Birthrate</th>\n      <th>Deathrate</th>\n      <th>Agriculture</th>\n      <th>Industry</th>\n      <th>Service</th>\n      <th>landlocked</th>\n    </tr>\n  </thead>\n  <tbody>\n    <tr>\n      <th>Population</th>\n      <td>1.000000</td>\n      <td>0.469985</td>\n      <td>-0.028190</td>\n      <td>-0.068199</td>\n      <td>0.002400</td>\n      <td>0.008984</td>\n      <td>-0.038853</td>\n      <td>-0.049303</td>\n      <td>-0.029876</td>\n      <td>0.015950</td>\n      <td>-0.051831</td>\n      <td>0.016175</td>\n      <td>0.438492</td>\n      <td>-0.036125</td>\n      <td>0.004104</td>\n      <td>0.058936</td>\n      <td>0.127757</td>\n      <td>0.051057</td>\n      <td>-0.072023</td>\n    </tr>\n    <tr>\n      <th>Area</th>\n      <td>0.469985</td>\n      <td>1.000000</td>\n      <td>-0.066917</td>\n      <td>-0.095627</td>\n      <td>0.046762</td>\n      <td>-0.017336</td>\n      <td>0.072497</td>\n      <td>0.029462</td>\n      <td>0.054151</td>\n      <td>-0.085866</td>\n      <td>-0.132251</td>\n      <td>0.156976</td>\n      <td>0.141590</td>\n      <td>-0.053244</td>\n      <td>0.031268</td>\n      <td>-0.022625</td>\n      <td>0.112232</td>\n      <td>0.034677</td>\n      <td>-0.043623</td>\n    </tr>\n    <tr>\n      <th>Pop._Density</th>\n      <td>-0.028190</td>\n      <td>-0.066917</td>\n      <td>1.000000</td>\n      <td>0.241690</td>\n      <td>0.177022</td>\n      <td>-0.130429</td>\n      <td>0.196099</td>\n      <td>0.097432</td>\n      <td>0.280596</td>\n      <td>-0.067870</td>\n      <td>-0.025788</td>\n      <td>-0.232562</td>\n      <td>-0.025110</td>\n      <td>-0.132340</td>\n      <td>-0.041433</td>\n      <td>-0.133392</td>\n      <td>-0.076394</td>\n      <td>0.150069</td>\n      <td>-0.083004</td>\n    </tr>\n    <tr>\n      <th>Coastline</th>\n      <td>-0.068199</td>\n      <td>-0.095627</td>\n      <td>0.241690</td>\n      <td>1.000000</td>\n      <td>-0.140475</td>\n      <td>-0.113211</td>\n      <td>0.049625</td>\n      <td>0.127801</td>\n      <td>0.153218</td>\n      <td>-0.125827</td>\n      <td>0.344830</td>\n      <td>-0.188772</td>\n      <td>-0.067091</td>\n      <td>-0.048433</td>\n      <td>-0.159670</td>\n      <td>-0.030266</td>\n      <td>-0.160590</td>\n      <td>0.069866</td>\n      <td>-0.143888</td>\n    </tr>\n    <tr>\n      <th>Net_migration</th>\n      <td>0.002400</td>\n      <td>0.046762</td>\n      <td>0.177022</td>\n      <td>-0.140475</td>\n      <td>1.000000</td>\n      <td>-0.030724</td>\n      <td>0.372902</td>\n      <td>-0.007832</td>\n      <td>0.223897</td>\n      <td>-0.074251</td>\n      <td>-0.259614</td>\n      <td>0.114011</td>\n      <td>-0.042607</td>\n      <td>-0.113367</td>\n      <td>0.007040</td>\n      <td>-0.180765</td>\n      <td>-0.002290</td>\n      <td>-0.031795</td>\n      <td>0.072609</td>\n    </tr>\n    <tr>\n      <th>Infant_mortality</th>\n      <td>0.008984</td>\n      <td>-0.017336</td>\n      <td>-0.130429</td>\n      <td>-0.113211</td>\n      <td>-0.030724</td>\n      <td>1.000000</td>\n      <td>-0.529505</td>\n      <td>-0.651334</td>\n      <td>-0.592903</td>\n      <td>-0.095532</td>\n      <td>-0.010983</td>\n      <td>0.097663</td>\n      <td>0.049857</td>\n      <td>0.603431</td>\n      <td>0.429622</td>\n      <td>0.455022</td>\n      <td>0.003794</td>\n      <td>-0.288471</td>\n      <td>0.314554</td>\n    </tr>\n    <tr>\n      <th>GDP</th>\n      <td>-0.038853</td>\n      <td>0.072497</td>\n      <td>0.196099</td>\n      <td>0.049625</td>\n      <td>0.372902</td>\n      <td>-0.529505</td>\n      <td>1.000000</td>\n      <td>0.515455</td>\n      <td>0.830684</td>\n      <td>0.010294</td>\n      <td>-0.199994</td>\n      <td>0.014097</td>\n      <td>-0.074974</td>\n      <td>-0.542198</td>\n      <td>-0.179251</td>\n      <td>-0.497899</td>\n      <td>-0.031154</td>\n      <td>0.272964</td>\n      <td>-0.112829</td>\n    </tr>\n    <tr>\n      <th>Literacy</th>\n      <td>-0.049303</td>\n      <td>0.029462</td>\n      <td>0.097432</td>\n      <td>0.127801</td>\n      <td>-0.007832</td>\n      <td>-0.651334</td>\n      <td>0.515455</td>\n      <td>1.000000</td>\n      <td>0.590145</td>\n      <td>0.063891</td>\n      <td>0.036170</td>\n      <td>-0.149936</td>\n      <td>0.049828</td>\n      <td>-0.689543</td>\n      <td>-0.243263</td>\n      <td>-0.388064</td>\n      <td>0.022773</td>\n      <td>0.268385</td>\n      <td>-0.107589</td>\n    </tr>\n    <tr>\n      <th>Phones</th>\n      <td>-0.029876</td>\n      <td>0.054151</td>\n      <td>0.280596</td>\n      <td>0.153218</td>\n      <td>0.223897</td>\n      <td>-0.592903</td>\n      <td>0.830684</td>\n      <td>0.590145</td>\n      <td>1.000000</td>\n      <td>0.022157</td>\n      <td>-0.142818</td>\n      <td>-0.163735</td>\n      <td>-0.078948</td>\n      <td>-0.616967</td>\n      <td>-0.181406</td>\n      <td>-0.522373</td>\n      <td>-0.145685</td>\n      <td>0.239443</td>\n      <td>-0.179461</td>\n    </tr>\n    <tr>\n      <th>Arable</th>\n      <td>0.015950</td>\n      <td>-0.085866</td>\n      <td>-0.067870</td>\n      <td>-0.125827</td>\n      <td>-0.074251</td>\n      <td>-0.095532</td>\n      <td>0.010294</td>\n      <td>0.063891</td>\n      <td>0.022157</td>\n      <td>1.000000</td>\n      <td>0.097510</td>\n      <td>-0.152397</td>\n      <td>-0.005169</td>\n      <td>-0.144330</td>\n      <td>0.129845</td>\n      <td>0.073268</td>\n      <td>0.046574</td>\n      <td>0.110910</td>\n      <td>0.038633</td>\n    </tr>\n    <tr>\n      <th>Crops</th>\n      <td>-0.051831</td>\n      <td>-0.132251</td>\n      <td>-0.025788</td>\n      <td>0.344830</td>\n      <td>-0.259614</td>\n      <td>-0.010983</td>\n      <td>-0.199994</td>\n      <td>0.036170</td>\n      <td>-0.142818</td>\n      <td>0.097510</td>\n      <td>1.000000</td>\n      <td>-0.198966</td>\n      <td>-0.085051</td>\n      <td>0.157856</td>\n      <td>-0.142923</td>\n      <td>0.053611</td>\n      <td>-0.112386</td>\n      <td>-0.007722</td>\n      <td>-0.127034</td>\n    </tr>\n    <tr>\n      <th>Other</th>\n      <td>0.016175</td>\n      <td>0.156976</td>\n      <td>-0.232562</td>\n      <td>-0.188772</td>\n      <td>0.114011</td>\n      <td>0.097663</td>\n      <td>0.014097</td>\n      <td>-0.149936</td>\n      <td>-0.163735</td>\n      <td>-0.152397</td>\n      <td>-0.198966</td>\n      <td>1.000000</td>\n      <td>0.014703</td>\n      <td>0.121339</td>\n      <td>-0.052267</td>\n      <td>0.033640</td>\n      <td>0.133111</td>\n      <td>0.097523</td>\n      <td>0.109923</td>\n    </tr>\n    <tr>\n      <th>Climate</th>\n      <td>0.438492</td>\n      <td>0.141590</td>\n      <td>-0.025110</td>\n      <td>-0.067091</td>\n      <td>-0.042607</td>\n      <td>0.049857</td>\n      <td>-0.074974</td>\n      <td>0.049828</td>\n      <td>-0.078948</td>\n      <td>-0.005169</td>\n      <td>-0.085051</td>\n      <td>0.014703</td>\n      <td>1.000000</td>\n      <td>-0.042042</td>\n      <td>0.163325</td>\n      <td>0.111895</td>\n      <td>0.089933</td>\n      <td>0.038250</td>\n      <td>0.105601</td>\n    </tr>\n    <tr>\n      <th>Birthrate</th>\n      <td>-0.036125</td>\n      <td>-0.053244</td>\n      <td>-0.132340</td>\n      <td>-0.048433</td>\n      <td>-0.113367</td>\n      <td>0.603431</td>\n      <td>-0.542198</td>\n      <td>-0.689543</td>\n      <td>-0.616967</td>\n      <td>-0.144330</td>\n      <td>0.157856</td>\n      <td>0.121339</td>\n      <td>-0.042042</td>\n      <td>1.000000</td>\n      <td>0.201894</td>\n      <td>0.462865</td>\n      <td>-0.010167</td>\n      <td>-0.228335</td>\n      <td>0.087140</td>\n    </tr>\n    <tr>\n      <th>Deathrate</th>\n      <td>0.004104</td>\n      <td>0.031268</td>\n      <td>-0.041433</td>\n      <td>-0.159670</td>\n      <td>0.007040</td>\n      <td>0.429622</td>\n      <td>-0.179251</td>\n      <td>-0.243263</td>\n      <td>-0.181406</td>\n      <td>0.129845</td>\n      <td>-0.142923</td>\n      <td>-0.052267</td>\n      <td>0.163325</td>\n      <td>0.201894</td>\n      <td>1.000000</td>\n      <td>0.169980</td>\n      <td>-0.019687</td>\n      <td>-0.129108</td>\n      <td>0.336606</td>\n    </tr>\n    <tr>\n      <th>Agriculture</th>\n      <td>0.058936</td>\n      <td>-0.022625</td>\n      <td>-0.133392</td>\n      <td>-0.030266</td>\n      <td>-0.180765</td>\n      <td>0.455022</td>\n      <td>-0.497899</td>\n      <td>-0.388064</td>\n      <td>-0.522373</td>\n      <td>0.073268</td>\n      <td>0.053611</td>\n      <td>0.033640</td>\n      <td>0.111895</td>\n      <td>0.462865</td>\n      <td>0.169980</td>\n      <td>1.000000</td>\n      <td>0.045517</td>\n      <td>-0.052698</td>\n      <td>0.217632</td>\n    </tr>\n    <tr>\n      <th>Industry</th>\n      <td>0.127757</td>\n      <td>0.112232</td>\n      <td>-0.076394</td>\n      <td>-0.160590</td>\n      <td>-0.002290</td>\n      <td>0.003794</td>\n      <td>-0.031154</td>\n      <td>0.022773</td>\n      <td>-0.145685</td>\n      <td>0.046574</td>\n      <td>-0.112386</td>\n      <td>0.133111</td>\n      <td>0.089933</td>\n      <td>-0.010167</td>\n      <td>-0.019687</td>\n      <td>0.045517</td>\n      <td>1.000000</td>\n      <td>0.188557</td>\n      <td>-0.009922</td>\n    </tr>\n    <tr>\n      <th>Service</th>\n      <td>0.051057</td>\n      <td>0.034677</td>\n      <td>0.150069</td>\n      <td>0.069866</td>\n      <td>-0.031795</td>\n      <td>-0.288471</td>\n      <td>0.272964</td>\n      <td>0.268385</td>\n      <td>0.239443</td>\n      <td>0.110910</td>\n      <td>-0.007722</td>\n      <td>0.097523</td>\n      <td>0.038250</td>\n      <td>-0.228335</td>\n      <td>-0.129108</td>\n      <td>-0.052698</td>\n      <td>0.188557</td>\n      <td>1.000000</td>\n      <td>-0.113118</td>\n    </tr>\n    <tr>\n      <th>landlocked</th>\n      <td>-0.072023</td>\n      <td>-0.043623</td>\n      <td>-0.083004</td>\n      <td>-0.143888</td>\n      <td>0.072609</td>\n      <td>0.314554</td>\n      <td>-0.112829</td>\n      <td>-0.107589</td>\n      <td>-0.179461</td>\n      <td>0.038633</td>\n      <td>-0.127034</td>\n      <td>0.109923</td>\n      <td>0.105601</td>\n      <td>0.087140</td>\n      <td>0.336606</td>\n      <td>0.217632</td>\n      <td>-0.009922</td>\n      <td>-0.113118</td>\n      <td>1.000000</td>\n    </tr>\n  </tbody>\n</table>\n</div>"},"metadata":{}}]},{"cell_type":"code","source":"## Corr btn GDP and the rest\ngdp_corr = corr_mat['GDP'].drop('GDP')\nprint(gdp_corr.sort_values())\n\n## See summary\ngdp_corr.describe()","metadata":{"execution":{"iopub.status.busy":"2023-10-27T14:40:13.130065Z","iopub.execute_input":"2023-10-27T14:40:13.130675Z","iopub.status.idle":"2023-10-27T14:40:13.150815Z","shell.execute_reply.started":"2023-10-27T14:40:13.130622Z","shell.execute_reply":"2023-10-27T14:40:13.149515Z"},"trusted":true},"execution_count":14,"outputs":[{"name":"stdout","text":"Birthrate          -0.542198\nInfant_mortality   -0.529505\nAgriculture        -0.497899\nCrops              -0.199994\nDeathrate          -0.179251\nlandlocked         -0.112829\nClimate            -0.074974\nPopulation         -0.038853\nIndustry           -0.031154\nArable              0.010294\nOther               0.014097\nCoastline           0.049625\nArea                0.072497\nPop._Density        0.196099\nService             0.272964\nNet_migration       0.372902\nLiteracy            0.515455\nPhones              0.830684\nName: GDP, dtype: float64\n","output_type":"stream"},{"execution_count":14,"output_type":"execute_result","data":{"text/plain":"count    18.000000\nmean      0.007109\nstd       0.353976\nmin      -0.542198\n25%      -0.162645\n50%      -0.010430\n75%       0.165198\nmax       0.830684\nName: GDP, dtype: float64"},"metadata":{}}]},{"cell_type":"markdown","source":"In this case, since we are just looking for relevance in the form of the magnitude of correlation coefficient, we can just look at the absolute values","metadata":{}},{"cell_type":"code","source":"gdp_corr_abs = np.abs(gdp_corr)\n\n## print sorted\ngdp_corr_abs.sort_values(ascending = False)","metadata":{"execution":{"iopub.status.busy":"2023-10-27T14:40:13.152378Z","iopub.execute_input":"2023-10-27T14:40:13.152933Z","iopub.status.idle":"2023-10-27T14:40:13.172546Z","shell.execute_reply.started":"2023-10-27T14:40:13.152894Z","shell.execute_reply":"2023-10-27T14:40:13.170889Z"},"trusted":true},"execution_count":15,"outputs":[{"execution_count":15,"output_type":"execute_result","data":{"text/plain":"Phones              0.830684\nBirthrate           0.542198\nInfant_mortality    0.529505\nLiteracy            0.515455\nAgriculture         0.497899\nNet_migration       0.372902\nService             0.272964\nCrops               0.199994\nPop._Density        0.196099\nDeathrate           0.179251\nlandlocked          0.112829\nClimate             0.074974\nArea                0.072497\nCoastline           0.049625\nPopulation          0.038853\nIndustry            0.031154\nOther               0.014097\nArable              0.010294\nName: GDP, dtype: float64"},"metadata":{}}]},{"cell_type":"markdown","source":"Let us choose a value of 0.2 as the threshold, to separate out the 'weak' correlation with the 'strong' ones. This is however very subjective and is by no means rigorous or robust. ","metadata":{}},{"cell_type":"markdown","source":"### threshold for correlation coefficient: 0.2","metadata":{}},{"cell_type":"code","source":"(gdp_corr_abs > 0.2).sort_values(ascending = False)","metadata":{"execution":{"iopub.status.busy":"2023-10-27T14:40:13.174706Z","iopub.execute_input":"2023-10-27T14:40:13.175437Z","iopub.status.idle":"2023-10-27T14:40:13.192880Z","shell.execute_reply.started":"2023-10-27T14:40:13.175377Z","shell.execute_reply":"2023-10-27T14:40:13.191635Z"},"trusted":true},"execution_count":16,"outputs":[{"execution_count":16,"output_type":"execute_result","data":{"text/plain":"Service              True\nNet_migration        True\nInfant_mortality     True\nLiteracy             True\nPhones               True\nAgriculture          True\nBirthrate            True\nPopulation          False\nClimate             False\nIndustry            False\nDeathrate           False\nCrops               False\nOther               False\nArea                False\nArable              False\nCoastline           False\nPop._Density        False\nlandlocked          False\nName: GDP, dtype: bool"},"metadata":{}}]},{"cell_type":"markdown","source":"Here, we see that only birthrate, agriculture, phones, literacy, infant mortality rate, net migration and service exceed the threshold. Population, climate, industry, deathrate... do not strongly correlate with GDP. ","metadata":{}},{"cell_type":"code","source":"subset1 = gdp_corr_abs[gdp_corr_abs > 0.2].index.to_list()\nprint(subset1)","metadata":{"execution":{"iopub.status.busy":"2023-10-27T14:40:13.194672Z","iopub.execute_input":"2023-10-27T14:40:13.195118Z","iopub.status.idle":"2023-10-27T14:40:13.211715Z","shell.execute_reply.started":"2023-10-27T14:40:13.195081Z","shell.execute_reply":"2023-10-27T14:40:13.210264Z"},"trusted":true},"execution_count":17,"outputs":[{"name":"stdout","text":"['Net_migration', 'Infant_mortality', 'Literacy', 'Phones', 'Birthrate', 'Agriculture', 'Service']\n","output_type":"stream"}]},{"cell_type":"markdown","source":"## Categorical column: Region\n\nWhat about the correlation between GDP and region (ca